EPOCH = 800 
LR = 0.0001 
HIDDEN_LAYERS = [250, 500, 500, 250] 
ONE_HOT = 0 
DATA_AUG = 0 
SENTI_ON = 0 
NUM_FOLDS = 7/10 
Highest accuracy of 0.7340917587280273 occured at 781...
Minimum loss of 1.1941815614700317 occured at 3... 
Maximum QWK metric of 0.6944541931152344 occured at 738