EPOCH = 800 
LR = 0.0001 
HIDDEN_LAYERS = [250, 500, 500, 250] 
ONE_HOT = 0 
DATA_AUG = 0 
SENTI_ON = 0 
NUM_FOLDS = 0/10 
Highest accuracy of 0.9359239339828491 occured at 665...
Minimum loss of 0.6270568370819092 occured at 89... 
Maximum QWK metric of 0.934185266494751 occured at 665