EPOCH = 800 
LR = 0.0001 
HIDDEN_LAYERS = [250, 500, 500, 250] 
ONE_HOT = 0 
DATA_AUG = 0 
SENTI_ON = 0 
NUM_FOLDS = 7/10 
Highest accuracy of 0.7212125658988953 occured at 702...
Minimum loss of 1.2967450618743896 occured at 4... 
Maximum QWK metric of 0.6899448037147522 occured at 608