EPOCH = 800 
LR = 0.0001 
HIDDEN_LAYERS = [250, 500, 500, 250] 
ONE_HOT = 0 
DATA_AUG = 0 
SENTI_ON = 0 
NUM_FOLDS = 4/10 
Highest accuracy of 0.7977984547615051 occured at 409...
Minimum loss of 1.3043768405914307 occured at 9... 
Maximum QWK metric of 0.7687972187995911 occured at 723