EPOCH = 1000 
LR = 0.0001 
HIDDEN_LAYERS = [500, 1000, 1000, 500] 
ONE_HOT = 0 
DATA_AUG = 0 
Highest accuracy of 0.9514627456665039 occured at 296...
Minimum loss of 0.3862453103065491 occured at 40... 
Maximum QWK metric of 0.9491225481033325 occured at 116