EPOCH = 800 
LR = 0.0001 
HIDDEN_LAYERS = [250, 500, 500, 250] 
ONE_HOT = 0 
DATA_AUG = 0 
SENTI_ON = 0 
NUM_FOLDS = 2/10 
Highest accuracy of 0.8585500717163086 occured at 764...
Minimum loss of 0.8660358786582947 occured at 8... 
Maximum QWK metric of 0.8237694501876831 occured at 737