EPOCH = 800 
LR = 0.0001 
HIDDEN_LAYERS = [250, 500, 500, 250] 
ONE_HOT = 0 
DATA_AUG = 0 
SENTI_ON = 2 
NUM_FOLDS = 0/10 
Highest accuracy of 0.8546531796455383 occured at 779...
Minimum loss of 1.2302409410476685 occured at 32... 
Maximum QWK metric of 0.8600826263427734 occured at 716