EPOCH = 800 
LR = 0.0001 
HIDDEN_LAYERS = [250, 500, 500, 250] 
ONE_HOT = 0 
DATA_AUG = 0 
SENTI_ON = 0 
NUM_FOLDS = 1/10 
Highest accuracy of 0.91307133436203 occured at 505...
Minimum loss of 1.0570725202560425 occured at 39... 
Maximum QWK metric of 0.9055125713348389 occured at 518