EPOCH = 800 
LR = 0.0001 
HIDDEN_LAYERS = [250, 500, 500, 250] 
ONE_HOT = 0 
DATA_AUG = 0 
SENTI_ON = 0 
NUM_FOLDS = 8/10 
Highest accuracy of 0.664868950843811 occured at 775...
Minimum loss of 0.8582338094711304 occured at 6... 
Maximum QWK metric of 0.6146303415298462 occured at 659