EPOCH = 800 
LR = 0.0001 
HIDDEN_LAYERS = [250, 500, 500, 250] 
ONE_HOT = 0 
DATA_AUG = 0 
SENTI_ON = 0 
NUM_FOLDS = 2/10 
Highest accuracy of 0.8666518926620483 occured at 755...
Minimum loss of 1.018439769744873 occured at 11... 
Maximum QWK metric of 0.8574285507202148 occured at 766