EPOCH = 800 
LR = 0.0001 
HIDDEN_LAYERS = [250, 500, 500, 250] 
ONE_HOT = 0 
DATA_AUG = 0 
SENTI_ON = 0 
NUM_FOLDS = 2/10 
Highest accuracy of 0.7698465585708618 occured at 795...
Minimum loss of 1.078873872756958 occured at 150... 
Maximum QWK metric of 0.8136720657348633 occured at 730