EPOCH = 800 
LR = 0.0001 
HIDDEN_LAYERS = [250, 500, 500, 250] 
ONE_HOT = 0 
DATA_AUG = 0 
SENTI_ON = 0 
NUM_FOLDS = 7/10 
Highest accuracy of 0.7177649736404419 occured at 683...
Minimum loss of 1.456356406211853 occured at 5... 
Maximum QWK metric of 0.6690061688423157 occured at 707