EPOCH = 800 
LR = 0.0001 
HIDDEN_LAYERS = [250, 500, 500, 250] 
ONE_HOT = 0 
DATA_AUG = 0 
SENTI_ON = 4 
NUM_FOLDS = 0/10 
Highest accuracy of 0.8043369650840759 occured at 708...
Minimum loss of 1.3764690160751343 occured at 11... 
Maximum QWK metric of 0.7847272753715515 occured at 796