EPOCH = 800 
LR = 0.0001 
HIDDEN_LAYERS = [250, 500, 500, 250] 
ONE_HOT = 0 
DATA_AUG = 0 
SENTI_ON = 0 
NUM_FOLDS = 4/10 
Highest accuracy of 0.7955082654953003 occured at 676...
Minimum loss of 1.018557071685791 occured at 8... 
Maximum QWK metric of 0.7726199626922607 occured at 731