EPOCH = 800 
LR = 0.0001 
HIDDEN_LAYERS = [250, 500, 500, 250] 
ONE_HOT = 0 
DATA_AUG = 0 
SENTI_ON = 0 
NUM_FOLDS = 0/10 
Highest accuracy of 0.9466853737831116 occured at 754...
Minimum loss of 0.4220152497291565 occured at 210... 
Maximum QWK metric of 0.9267275929450989 occured at 754