EPOCH = 800 
LR = 0.0001 
HIDDEN_LAYERS = [250, 500, 500, 250] 
ONE_HOT = 0 
DATA_AUG = 0 
SENTI_ON = 0 
Highest avg accuracy of 0.7828925251960754 occured at 712...
Minimum avg loss of 1.2887213230133057 occured at 8... 
Maximum avg QWK metric of 0.7485974431037903 occured at 654