EPOCH = 800 
LR = 0.0001 
HIDDEN_LAYERS = [250, 500, 500, 250] 
ONE_HOT = 0 
DATA_AUG = 0 
SENTI_ON = 0 
NUM_FOLDS = 3/10 
Highest accuracy of 0.8387263417243958 occured at 759...
Minimum loss of 1.4321330785751343 occured at 8... 
Maximum QWK metric of 0.8048012256622314 occured at 764