EPOCH = 800 
LR = 0.0001 
HIDDEN_LAYERS = [250, 500, 500, 250] 
ONE_HOT = 0 
DATA_AUG = 0 
SENTI_ON = 0 
NUM_FOLDS = 3/10 
Highest accuracy of 0.735156774520874 occured at 785...
Minimum loss of 1.4535857439041138 occured at 41... 
Maximum QWK metric of 0.7176462411880493 occured at 747