EPOCH = 800 
LR = 0.0001 
HIDDEN_LAYERS = [250, 500, 500, 250] 
ONE_HOT = 0 
DATA_AUG = 0 
SENTI_ON = 0 
NUM_FOLDS = 0/10 
Highest accuracy of 0.9391252994537354 occured at 755...
Minimum loss of 0.9816984534263611 occured at 11... 
Maximum QWK metric of 0.913365364074707 occured at 778