EPOCH = 800 
LR = 0.0001 
HIDDEN_LAYERS = [250, 500, 500, 250] 
ONE_HOT = 0 
DATA_AUG = 0 
SENTI_ON = 0 
NUM_FOLDS = 4/10 
Highest accuracy of 0.7031354308128357 occured at 784...
Minimum loss of 1.3613710403442383 occured at 116... 
Maximum QWK metric of 0.7232261896133423 occured at 745