EPOCH = 800 
LR = 0.0001 
HIDDEN_LAYERS = [250, 500, 500, 250] 
ONE_HOT = 0 
DATA_AUG = 0 
SENTI_ON = 0 
NUM_FOLDS = 2/10 
Highest accuracy of 0.8828555941581726 occured at 796...
Minimum loss of 1.0016844272613525 occured at 55... 
Maximum QWK metric of 0.8821427226066589 occured at 731