EPOCH = 800 
LR = 0.0001 
HIDDEN_LAYERS = [250, 500, 500, 250] 
ONE_HOT = 0 
DATA_AUG = 0 
SENTI_ON = 0 
NUM_FOLDS = 5/10 
Highest accuracy of 0.7837125658988953 occured at 654...
Minimum loss of 1.2901527881622314 occured at 5... 
Maximum QWK metric of 0.7642736434936523 occured at 596