EPOCH = 800 
LR = 0.0001 
HIDDEN_LAYERS = [250, 500, 500, 250] 
ONE_HOT = 0 
DATA_AUG = 0 
SENTI_ON = 0 
NUM_FOLDS = 1/10 
Highest accuracy of 0.9012263417243958 occured at 748...
Minimum loss of 1.2274845838546753 occured at 12... 
Maximum QWK metric of 0.9090390205383301 occured at 748