EPOCH = 1000 
LR = 0.0001 
HIDDEN_LAYERS = [500, 1000, 1000, 500] 
ONE_HOT = 1 
DATA_AUG = 0 
Highest accuracy of 0.9527925252914429 occured at 171...
Minimum loss of 0.3392144441604614 occured at 68... 
Maximum QWK metric of 0.9499408602714539 occured at 906