EPOCH = 800 
LR = 0.0001 
HIDDEN_LAYERS = [250, 500, 500, 250] 
ONE_HOT = 0 
DATA_AUG = 0 
SENTI_ON = 0 
NUM_FOLDS = 1/10 
Highest accuracy of 0.8957840800285339 occured at 744...
Minimum loss of 0.5428768992424011 occured at 65... 
Maximum QWK metric of 0.881971538066864 occured at 751