EPOCH = 800 
LR = 0.0001 
HIDDEN_LAYERS = [250, 500, 500, 250] 
ONE_HOT = 0 
DATA_AUG = 0 
SENTI_ON = 0 
NUM_FOLDS = 5/10 
Highest accuracy of 0.7709564566612244 occured at 773...
Minimum loss of 1.3616466522216797 occured at 9... 
Maximum QWK metric of 0.7499640583992004 occured at 787