EPOCH = 800 
LR = 0.0001 
HIDDEN_LAYERS = [250, 500, 500, 250] 
ONE_HOT = 0 
DATA_AUG = 0 
SENTI_ON = 0 
NUM_FOLDS = 6/10 
Highest accuracy of 0.7516252994537354 occured at 776...
Minimum loss of 1.1602331399917603 occured at 8... 
Maximum QWK metric of 0.7186723351478577 occured at 606