EPOCH = 800 
LR = 0.0001 
HIDDEN_LAYERS = [250, 500, 500, 250] 
ONE_HOT = 0 
DATA_AUG = 0 
SENTI_ON = 0 
NUM_FOLDS = 6/10 
Highest accuracy of 0.7520439624786377 occured at 692...
Minimum loss of 1.4761096239089966 occured at 4... 
Maximum QWK metric of 0.7068787217140198 occured at 768