EPOCH = 800 
LR = 0.0001 
HIDDEN_LAYERS = [250, 500, 500, 250] 
ONE_HOT = 0 
DATA_AUG = 0 
SENTI_ON = 0 
NUM_FOLDS = 8/10 
Highest accuracy of 0.6854314804077148 occured at 792...
Minimum loss of 1.483389139175415 occured at 5... 
Maximum QWK metric of 0.6413053274154663 occured at 797