EPOCH = 1000 
LR = 0.0001 
HIDDEN_LAYERS = [125, 250, 250, 125] 
ONE_HOT = 0 
DATA_AUG = 0 
Highest accuracy of 0.9414893388748169 occured at 954...
Minimum loss of 0.5421850085258484 occured at 136... 
Maximum QWK metric of 0.9341242909431458 occured at 954