EPOCH = 1000 
LR = 0.0001 
HIDDEN_LAYERS = [500, 1000, 1000, 500] 
ONE_HOT = 0 
DATA_AUG = 1 
Highest accuracy of 0.32316291332244873 occured at 6...
Minimum loss of 1.4486851692199707 occured at 6... 
Maximum QWK metric of 0.1939559131860733 occured at 7