EPOCH = 1000 
LR = 0.0001 
HIDDEN_LAYERS = [500, 1000, 1000, 500] 
ONE_HOT = 0 
DATA_AUG = 0 
Highest accuracy of 0.4391006827354431 occured at 4...
Minimum loss of 1.2989411354064941 occured at 4... 
Maximum QWK metric of 0.4511677324771881 occured at 4