EPOCH = 1000 
LR = 0.0001 
HIDDEN_LAYERS = [250, 500, 1000, 1000, 500, 250] 
ONE_HOT = 0 
DATA_AUG = 0 
Highest accuracy of 0.9527925252914429 occured at 481...
Minimum loss of 0.30864763259887695 occured at 81... 
Maximum QWK metric of 0.9513528943061829 occured at 481