EPOCH = 800 
LR = 0.0001 
HIDDEN_LAYERS = [250, 500, 500, 250] 
ONE_HOT = 0 
DATA_AUG = 0 
SENTI_ON = 0 
NUM_FOLDS = 9/10 
Highest accuracy of 0.6617907881736755 occured at 750...
Minimum loss of 1.0467352867126465 occured at 1... 
Maximum QWK metric of 0.6043179035186768 occured at 670