EPOCH = 800 
LR = 0.0001 
HIDDEN_LAYERS = [250, 500, 500, 250] 
ONE_HOT = 0 
DATA_AUG = 0 
SENTI_ON = 0 
NUM_FOLDS = 8/10 
Highest accuracy of 0.632421612739563 occured at 767...
Minimum loss of 1.499155044555664 occured at 49... 
Maximum QWK metric of 0.5967302918434143 occured at 760