EPOCH = 800 
LR = 0.0001 
HIDDEN_LAYERS = [250, 500, 500, 250] 
ONE_HOT = 0 
DATA_AUG = 0 
SENTI_ON = 0 
Highest avg accuracy of 0.6903268098831177 occured at 787...
Minimum avg loss of 1.3870964050292969 occured at 59... 
Maximum avg QWK metric of 0.6779663562774658 occured at 770