EPOCH = 800 
LR = 0.0001 
HIDDEN_LAYERS = [250, 500, 500, 250] 
ONE_HOT = 0 
DATA_AUG = 0 
SENTI_ON = 0 
NUM_FOLDS = 0/10 
Highest accuracy of 0.6824549436569214 occured at 339...
Minimum loss of 0.7570404410362244 occured at 346... 
Maximum QWK metric of 0.7086997628211975 occured at 340