EPOCH = 800 
LR = 0.0001 
HIDDEN_LAYERS = [250, 500, 500, 250] 
ONE_HOT = 0 
DATA_AUG = 0 
SENTI_ON = 0 
NUM_FOLDS = 9/10 
Highest accuracy of 0.6376083493232727 occured at 673...
Minimum loss of 1.399228811264038 occured at 1... 
Maximum QWK metric of 0.5627660751342773 occured at 457