EPOCH = 1000 
LR = 0.0001 
HIDDEN_LAYERS = [500, 1000, 1000, 500] 
ONE_HOT = 0 
DATA_AUG = 1 
Highest accuracy of 0.33313632011413574 occured at 2...
Minimum loss of 1.5866788625717163 occured at 2... 
Maximum QWK metric of 0.08528832346200943 occured at 2