EPOCH = 1000 
LR = 0.0001 
HIDDEN_LAYERS = [500, 1000, 1000, 500] 
ONE_HOT = 1 
DATA_AUG = 1 
Highest accuracy of 0.3269798755645752 occured at 1...
Minimum loss of 1.4717339277267456 occured at 3... 
Maximum QWK metric of 0.11930707842111588 occured at 1