EPOCH = 1000 
LR = 0.0001 
HIDDEN_LAYERS = [250, 500, 1000, 500, 250] 
ONE_HOT = 0 
DATA_AUG = 0 
Highest accuracy of 0.9421542286872864 occured at 714...
Minimum loss of 0.4737475514411926 occured at 59... 
Maximum QWK metric of 0.9348568916320801 occured at 678