EPOCH = 800 
LR = 0.0001 
HIDDEN_LAYERS = [250, 500, 500, 250] 
ONE_HOT = 0 
DATA_AUG = 0 
SENTI_ON = 0 
Highest avg accuracy of 0.7851753234863281 occured at 686...
Minimum avg loss of 1.3628060817718506 occured at 10... 
Maximum avg QWK metric of 0.7485318183898926 occured at 686