EPOCH = 800 
LR = 0.0001 
HIDDEN_LAYERS = [250, 500, 500, 250] 
ONE_HOT = 0 
DATA_AUG = 0 
SENTI_ON = 0 
NUM_FOLDS = 3/10 
Highest accuracy of 0.8527383804321289 occured at 773...
Minimum loss of 0.8282588124275208 occured at 13... 
Maximum QWK metric of 0.8216949105262756 occured at 697