EPOCH = 800 
LR = 0.0001 
HIDDEN_LAYERS = [250, 500, 500, 250] 
ONE_HOT = 0 
DATA_AUG = 0 
SENTI_ON = 5 
NUM_FOLDS = 0/10 
Highest accuracy of 0.7483258843421936 occured at 796...
Minimum loss of 1.4531497955322266 occured at 7... 
Maximum QWK metric of 0.7239076495170593 occured at 740