EPOCH = 800 
LR = 0.0001 
HIDDEN_LAYERS = [250, 500, 500, 250] 
ONE_HOT = 0 
DATA_AUG = 0 
SENTI_ON = 7 
NUM_FOLDS = 0/10 
Highest accuracy of 0.6695069074630737 occured at 783...
Minimum loss of 1.5294055938720703 occured at 12... 
Maximum QWK metric of 0.6310468316078186 occured at 552