EPOCH = 800 
LR = 0.0001 
HIDDEN_LAYERS = [250, 500, 500, 250] 
ONE_HOT = 0 
DATA_AUG = 0 
SENTI_ON = 0 
NUM_FOLDS = 0/10 
Highest accuracy of 0.8799710869789124 occured at 780...
Minimum loss of 0.8796720504760742 occured at 262... 
Maximum QWK metric of 0.8753831386566162 occured at 737