EPOCH = 800 
LR = 0.0001 
HIDDEN_LAYERS = [250, 500, 500, 250] 
ONE_HOT = 0 
DATA_AUG = 0 
SENTI_ON = 3 
NUM_FOLDS = 0/10 
Highest accuracy of 0.8225660920143127 occured at 719...
Minimum loss of 1.3561850786209106 occured at 13... 
Maximum QWK metric of 0.8084548115730286 occured at 731