EPOCH = 800 
LR = 0.0001 
HIDDEN_LAYERS = [250, 500, 500, 250] 
ONE_HOT = 0 
DATA_AUG = 0 
SENTI_ON = 0 
NUM_FOLDS = 0/10 
Highest accuracy of 0.9188416004180908 occured at 694...
Minimum loss of 0.8988359570503235 occured at 442... 
Maximum QWK metric of 0.890014111995697 occured at 732