EPOCH = 800 
LR = 0.0001 
HIDDEN_LAYERS = [250, 500, 500, 250] 
ONE_HOT = 0 
DATA_AUG = 0 
SENTI_ON = 0 
NUM_FOLDS = 1/10 
Highest accuracy of 0.8065376877784729 occured at 796...
Minimum loss of 0.6351603865623474 occured at 622... 
Maximum QWK metric of 0.8258729577064514 occured at 799