EPOCH = 800 
LR = 0.0001 
HIDDEN_LAYERS = [250, 500, 500, 250] 
ONE_HOT = 0 
DATA_AUG = 0 
SENTI_ON = 0 
NUM_FOLDS = 0/10 
Highest accuracy of 0.819212794303894 occured at 784...
Minimum loss of 1.0156091451644897 occured at 189... 
Maximum QWK metric of 0.8281661868095398 occured at 778