EPOCH = 800 
LR = 0.0001 
HIDDEN_LAYERS = [250, 500, 500, 250] 
ONE_HOT = 0 
DATA_AUG = 0 
SENTI_ON = 0 
NUM_FOLDS = 5/10 
Highest accuracy of 0.7734929323196411 occured at 766...
Minimum loss of 1.1109213829040527 occured at 15... 
Maximum QWK metric of 0.7296683192253113 occured at 771