EPOCH = 800 
LR = 0.0001 
HIDDEN_LAYERS = [250, 500, 500, 250] 
ONE_HOT = 0 
DATA_AUG = 0 
SENTI_ON = 0 
NUM_FOLDS = 8/10 
Highest accuracy of 0.6560529470443726 occured at 640...
Minimum loss of 1.2755749225616455 occured at 6... 
Maximum QWK metric of 0.6207315325737 occured at 463