EPOCH = 800 
LR = 0.0001 
HIDDEN_LAYERS = [250, 500, 500, 250] 
ONE_HOT = 0 
DATA_AUG = 0 
SENTI_ON = 0 
NUM_FOLDS = 9/10 
Highest accuracy of 0.6373621225357056 occured at 727...
Minimum loss of 1.4766979217529297 occured at 7... 
Maximum QWK metric of 0.6005427241325378 occured at 748