EPOCH = 800 
LR = 0.0001 
HIDDEN_LAYERS = [250, 500, 500, 250] 
ONE_HOT = 0 
DATA_AUG = 0 
SENTI_ON = 6 
NUM_FOLDS = 0/10 
Highest accuracy of 0.7255394458770752 occured at 771...
Minimum loss of 1.4935030937194824 occured at 10... 
Maximum QWK metric of 0.6885302662849426 occured at 706