EPOCH = 1000 
LR = 0.0001 
HIDDEN_LAYERS = [500, 1000, 1000, 500] 
ONE_HOT = 0 
DATA_AUG = 0 
Highest accuracy of 0.9425728917121887 occured at 999...
Minimum loss of 0.5509617328643799 occured at 55... 
Maximum QWK metric of 0.944056510925293 occured at 489