EPOCH = 1000 
LR = 0.0001 
HIDDEN_LAYERS = [500, 1000, 1000, 500] 
ONE_HOT = 1 
DATA_AUG = 0 
Highest accuracy of 0.3620961308479309 occured at 2...
Minimum loss of 1.3472073078155518 occured at 2... 
Maximum QWK metric of 0.2737426161766052 occured at 2