EPOCH = 800 
LR = 0.0001 
HIDDEN_LAYERS = [250, 500, 500, 250] 
ONE_HOT = 0 
DATA_AUG = 0 
SENTI_ON = 0 
NUM_FOLDS = 9/10 
Highest accuracy of 0.5476984977722168 occured at 758...
Minimum loss of 1.4516186714172363 occured at 53... 
Maximum QWK metric of 0.5089155435562134 occured at 772