EPOCH = 1000 
LR = 0.0001 
HIDDEN_LAYERS = [500, 1000, 1000, 500] 
ONE_HOT = 0 
DATA_AUG = 0 
Highest accuracy of 0.9448138475418091 occured at 838...
Minimum loss of 0.5229914784431458 occured at 50... 
Maximum QWK metric of 0.937813401222229 occured at 266