EPOCH = 800 
LR = 0.0001 
HIDDEN_LAYERS = [250, 500, 500, 250] 
ONE_HOT = 0 
DATA_AUG = 0 
SENTI_ON = 0 
NUM_FOLDS = 6/10 
Highest accuracy of 0.6571047306060791 occured at 791...
Minimum loss of 1.3774690628051758 occured at 64... 
Maximum QWK metric of 0.6159233450889587 occured at 770