EPOCH = 800 
LR = 0.0001 
HIDDEN_LAYERS = [250, 500, 500, 250] 
ONE_HOT = 0 
DATA_AUG = 0 
SENTI_ON = 0 
NUM_FOLDS = 0/10 
Highest accuracy of 0.8152101039886475 occured at 772...
Minimum loss of 1.1741992235183716 occured at 105... 
Maximum QWK metric of 0.8181456923484802 occured at 799