EPOCH = 800 
LR = 0.0001 
HIDDEN_LAYERS = [250, 500, 500, 250] 
ONE_HOT = 0 
DATA_AUG = 0 
SENTI_ON = 0 
NUM_FOLDS = 4/10 
Highest accuracy of 0.8137559294700623 occured at 711...
Minimum loss of 1.072637677192688 occured at 6... 
Maximum QWK metric of 0.7830100655555725 occured at 672