EPOCH = 1000 
LR = 0.0001 
HIDDEN_LAYERS = [500, 1000, 1000, 500] 
ONE_HOT = 0 
DATA_AUG = 1 
Highest accuracy of 0.8872635960578918 occured at 963...
Minimum loss of 0.7550629377365112 occured at 794... 
Maximum QWK metric of 0.8611039519309998 occured at 895